c used cnf: ../data/cnfBuilder100VarsVariance983340976.txt
c 100% vars: 8
c 0% vars: 9
c used decimal places: 100
c used seed: -6346747620071058722
c needed time: 4117.376593828201 seconds
0.06
0.04
0.84
0.06
0.43
0.09
0.48
0.1
0.4
0.01
0.46
0.03
0.19
0.26
0.55
1.0
0.09
0.35
0.1
0.46
0.01
0.25
0.1
0.35
0.29
0.01
0.0
0.0
0.04
0.13
0.82
0.62
0.32
0.05
0.01
0.58
0.42
1.0
0.07
0.1
0.13
0.04
0.66
0.58
0.12
0.07
0.23
0.22
0.0
0.06
0.72
1.0
0.74
0.26
1.0
0.51
0.49
1.0
0.22
0.23
0.0
0.29
0.26
0.05
0.22
0.28
0.45
0.42
0.58
0.13
0.23
0.04
0.11
0.23
0.26
0.03
0.03
0.39
0.53
0.02
0.0
0.0
0.0
1.0
0.0
0.91
0.09
1.0
0.74
0.23
0.03
0.07
0.06
0.03
0.25
0.59
1.0
0.33
0.67
0.0