c used cnf: ../data/cnfBuilder100VarsVariance983340976.txt
c 100% vars: 8
c 0% vars: 9
c used decimal places: 10
c used seed: -6346747620071058722
c needed time: 123.34339356422424 seconds
0.0
0.0
0.9
0.1
0.6
0.3
0.1
0.2
0.2
0.2
0.1
0.3
0.4
0.3
0.3
1.0
0.1
0.2
0.2
0.5
0.1
0.1
0.2
0.4
0.2
0.1
0.1
0.1
0.2
0.1
0.4
0.2
0.5
0.2
0.1
0.4
0.6
1.0
0.0
0.8
0.1
0.1
0.0
0.2
0.2
0.5
0.1
0.5
0.3
0.1
0.1
1.0
0.9
0.1
1.0
0.6
0.4
1.0
0.2
0.2
0.4
0.1
0.1
0.2
0.2
0.1
0.5
0.2
0.8
0.2
0.1
0.1
0.3
0.2
0.1
0.2
0.2
0.2
0.2
0.2
0.0
0.0
0.0
1.0
0.0
0.5
0.5
1.0
0.7
0.3
0.0
0.1
0.4
0.1
0.2
0.2
1.0
0.4
0.1
0.5