c used cnf: ../data/cnfBuilder100VarsVariance9995700077.txt
c 100% vars: 8
c 0% vars: 9
c used decimal places: 10
c used seed: -1062837989883594406
c needed time: 51.28267502784729 seconds
1.0
0.4
0.1
0.4
0.1
1.0
0.0
0.1
0.1
0.3
0.1
0.1
0.3
0.2
0.3
0.5
0.3
0.1
0.3
0.1
0.1
0.1
1.0
0.9
0.0
0.0
0.1
0.0
0.0
0.2
0.1
0.6
0.1
0.1
0.3
0.1
0.1
0.4
0.1
0.8
0.1
0.1
0.0
0.8
0.1
0.3
0.2
0.1
0.4
0.1
0.9
0.4
0.3
0.3
0.1
0.1
0.1
0.5
0.2
0.2
0.1
0.7
0.1
0.2
0.1
0.3
0.1
0.2
1.0
0.2
0.3
0.4
0.1
0.1
0.4
0.2
0.2
0.1
0.1
0.6
0.2
0.1
1.0
1.0
0.1
0.1
0.2
0.2
0.1
0.3
1.0
0.1
0.5
0.1
0.2
0.1
0.0
1.0
0.0
0.0