c used cnf: ../data/cnfBuilder100VarsVariance9995700077.txt
c 100% vars: 8
c 0% vars: 9
c used decimal places: 100
c used seed: -1062837989883594406
c needed time: 2234.6880474090576 seconds
1.0
0.54
0.21
0.23
0.02
1.0
0.0
0.0
0.0
0.47
0.52
0.0
0.01
0.07
0.01
0.92
0.01
0.1
0.06
0.02
0.8
0.01
1.0
0.78
0.0
0.0
0.2
0.01
0.01
0.03
0.6
0.01
0.36
0.01
0.06
0.68
0.14
0.11
0.04
0.65
0.31
0.02
0.15
0.67
0.16
0.17
0.17
0.14
0.52
0.44
0.56
0.09
0.54
0.37
0.08
0.11
0.01
0.05
0.75
0.05
0.84
0.11
0.02
0.01
0.02
0.01
0.91
0.03
1.0
0.67
0.22
0.02
0.09
0.58
0.05
0.06
0.17
0.14
0.04
0.94
0.01
0.01
1.0
1.0
0.06
0.2
0.11
0.02
0.2
0.41
1.0
0.05
0.7
0.01
0.16
0.08
0.0
1.0
0.0
0.0