c 
c Input Variance: 10000000000
c Actual Variance: 10437159908
c Input number of vars: 100
c Input use Fam rules: true
c Input Fam size: 1-6
c Input Rule size: 2-6
c Input False Variables: 4
c Actual False Variables: 4 Vars
c Input True Variables: 9
c Actual True Variables: 9 Vars
c Calculation time: 428 seconds
c Used Seed: 3913966324891339180
c 
p cnf 100 518
1 2 3 4 5 6 0
-1 -2 0
-1 -3 0
-1 -4 0
-1 -5 0
-1 -6 0
-2 -3 0
-2 -4 0
-2 -5 0
-2 -6 0
-3 -4 0
-3 -5 0
-3 -6 0
-4 -5 0
-4 -6 0
-5 -6 0
7 0
8 9 10 0
-8 -9 0
-8 -10 0
-9 -10 0
11 12 13 14 15 16 0
-11 -12 0
-11 -13 0
-11 -14 0
-11 -15 0
-11 -16 0
-12 -13 0
-12 -14 0
-12 -15 0
-12 -16 0
-13 -14 0
-13 -15 0
-13 -16 0
-14 -15 0
-14 -16 0
-15 -16 0
17 18 19 0
-17 -18 0
-17 -19 0
-18 -19 0
20 21 22 23 0
-20 -21 0
-20 -22 0
-20 -23 0
-21 -22 0
-21 -23 0
-22 -23 0
24 25 26 27 28 29 0
-24 -25 0
-24 -26 0
-24 -27 0
-24 -28 0
-24 -29 0
-25 -26 0
-25 -27 0
-25 -28 0
-25 -29 0
-26 -27 0
-26 -28 0
-26 -29 0
-27 -28 0
-27 -29 0
-28 -29 0
30 0
31 0
32 33 0
-32 -33 0
34 0
35 36 37 38 0
-35 -36 0
-35 -37 0
-35 -38 0
-36 -37 0
-36 -38 0
-37 -38 0
39 40 0
-39 -40 0
41 42 43 0
-41 -42 0
-41 -43 0
-42 -43 0
44 45 0
-44 -45 0
46 47 48 49 0
-46 -47 0
-46 -48 0
-46 -49 0
-47 -48 0
-47 -49 0
-48 -49 0
50 0
51 0
52 53 54 0
-52 -53 0
-52 -54 0
-53 -54 0
55 0
56 57 58 59 60 61 0
-56 -57 0
-56 -58 0
-56 -59 0
-56 -60 0
-56 -61 0
-57 -58 0
-57 -59 0
-57 -60 0
-57 -61 0
-58 -59 0
-58 -60 0
-58 -61 0
-59 -60 0
-59 -61 0
-60 -61 0
62 63 64 65 66 67 0
-62 -63 0
-62 -64 0
-62 -65 0
-62 -66 0
-62 -67 0
-63 -64 0
-63 -65 0
-63 -66 0
-63 -67 0
-64 -65 0
-64 -66 0
-64 -67 0
-65 -66 0
-65 -67 0
-66 -67 0
68 69 70 71 72 73 0
-68 -69 0
-68 -70 0
-68 -71 0
-68 -72 0
-68 -73 0
-69 -70 0
-69 -71 0
-69 -72 0
-69 -73 0
-70 -71 0
-70 -72 0
-70 -73 0
-71 -72 0
-71 -73 0
-72 -73 0
74 75 0
-74 -75 0
76 77 78 79 0
-76 -77 0
-76 -78 0
-76 -79 0
-77 -78 0
-77 -79 0
-78 -79 0
80 81 82 83 84 85 0
-80 -81 0
-80 -82 0
-80 -83 0
-80 -84 0
-80 -85 0
-81 -82 0
-81 -83 0
-81 -84 0
-81 -85 0
-82 -83 0
-82 -84 0
-82 -85 0
-83 -84 0
-83 -85 0
-84 -85 0
86 87 0
-86 -87 0
88 89 90 91 92 93 0
-88 -89 0
-88 -90 0
-88 -91 0
-88 -92 0
-88 -93 0
-89 -90 0
-89 -91 0
-89 -92 0
-89 -93 0
-90 -91 0
-90 -92 0
-90 -93 0
-91 -92 0
-91 -93 0
-92 -93 0
94 95 96 97 98 0
-94 -95 0
-94 -96 0
-94 -97 0
-94 -98 0
-95 -96 0
-95 -97 0
-95 -98 0
-96 -97 0
-96 -98 0
-97 -98 0
99 0
100 0
-25 0
-49 0
-72 0
-90 0
-61 -5 -98 -15 -16 0
-84 -23 -42 -55 -78 0
-86 -60 0
-59 -33 -20 -74 0
-30 -58 -68 -43 -33 0
-2 -3 -36 -21 0
-54 -24 -29 0
-36 -40 -86 -54 -30 -12 0
-24 -62 0
-9 -2 0
-34 -93 -48 -11 0
-67 -27 -49 0
-98 -25 -57 -68 -34 -70 0
-20 -40 0
-48 -98 -11 -57 -64 0
-66 -28 -6 -95 -12 0
-36 -96 -2 0
-62 -67 -14 0
-49 -57 -16 -75 -93 -7 0
-54 -59 -55 -33 -54 0
-34 -27 -49 -39 -55 -69 0
-21 -80 0
-66 -21 -95 -97 0
-54 -42 -19 -15 -89 -87 0
-85 -58 -68 -47 -72 0
-67 -6 0
-64 -68 -3 -17 -14 -90 0
-86 -10 -64 0
-22 -18 -5 -80 -61 -23 0
-15 -47 -64 -66 -89 0
-57 -5 -74 -82 -97 0
-66 -95 0
-76 -36 -63 -58 -37 0
-87 -77 -82 -14 -18 -63 0
-96 -16 -9 0
-17 -27 0
-76 -72 -68 0
-37 -81 -77 -1 -11 0
-98 -67 -39 0
-65 -93 -70 -43 -33 0
-60 -2 0
-15 -17 -95 -87 -63 0
-33 -97 -68 -87 -18 -81 0
-80 -69 -47 -83 0
-19 -65 -10 0
-10 -66 -18 -60 0
-70 -9 -68 0
-27 -40 0
-17 -15 0
-16 -76 -39 -38 -23 -28 0
-7 -97 -3 -75 -25 -33 0
-77 -18 -34 -84 -77 -88 0
-66 -41 0
-76 -6 0
-43 -99 -30 -64 0
-42 -19 0
-94 -16 -76 -75 -18 0
-27 -53 -65 0
-59 -24 -77 0
-29 -4 -62 -93 -99 -80 0
-67 -28 0
-54 -96 -55 0
-37 -80 -63 -3 0
-40 -9 -42 -81 0
-19 -78 0
-12 -89 -17 -30 -72 0
-89 -98 -7 -17 0
-80 -77 0
-6 -4 -62 -87 -99 0
-75 -79 -55 -7 0
-74 -89 -88 -42 -74 0
-45 -80 0
-86 -7 -90 -11 0
-25 -59 -24 -71 -41 0
-17 -94 -14 0
-5 -76 -63 -87 0
-72 -85 -20 -95 -34 -13 0
-17 -95 -66 0
-11 -81 -1 -16 -84 0
-70 -12 0
-95 -67 -63 -33 0
-6 -36 -22 -11 -80 -47 0
-30 -69 -21 -27 -16 -36 0
-20 -33 0
-49 -77 -53 -53 -6 -23 0
-7 -46 -59 0
-46 -18 -48 0
-47 -18 0
-37 -89 -95 -61 0
-20 -86 -22 -54 -88 0
-37 -12 -80 -15 0
-36 -44 0
-7 -83 -16 -2 0
-22 -23 -60 -20 -94 0
-81 -96 0
-23 -33 -42 0
-81 -99 -66 -67 -6 -46 0
-39 -66 -46 -44 -53 -58 0
-34 -5 -49 -2 0
-72 -1 -43 0
-39 -54 -39 -74 -36 -82 0
-83 -92 -33 -21 -12 -53 0
-6 -97 -1 -53 -30 0
-98 -16 -87 -39 -62 -67 0
-42 -70 0
-75 -87 -70 -92 -17 0
-12 -27 -33 -96 0
-87 -82 -69 0
-1 -88 0
-7 -98 -81 0
-75 -27 -33 -49 -71 -42 0
-6 -78 -98 0
-53 -99 -41 0
-22 -43 -22 -21 0
-53 -19 -97 -2 -21 0
-60 -22 -11 0
-7 -77 -78 0
-71 -5 0
-11 -74 -81 -27 0
-10 -14 -88 -79 0
-36 -18 0
-90 -28 -61 -42 -88 0
-94 -49 -7 -6 -20 -96 0
-24 -41 -38 -16 0
-95 -43 -46 -66 0
-42 -86 -87 -5 -16 0
-28 -62 0
-95 -47 -99 -92 -60 -95 0
-76 -49 -16 0
-16 -77 0
-12 -63 0
-37 -53 -44 -57 0
-60 -68 -30 0
-65 -84 -10 -75 -85 0
-62 -74 -19 -84 0
-98 -17 -63 -28 -48 0
-46 -68 -2 -9 -99 -72 0
-92 -62 -15 -66 -16 -95 0
-72 -67 -74 -24 0
-79 -44 -55 0
-53 -69 -68 -78 -62 -18 0
-64 -7 -82 -79 -7 0
-89 -62 -92 0
-67 -57 -63 -63 -92 -47 0
-48 -64 -47 -55 0
-68 -13 -66 -36 0
-70 -55 -5 0
-40 -97 -27 -20 0
-19 -82 -16 -12 -90 -48 0
-11 -78 -97 -49 -14 0
-93 -59 0
-3 -28 -85 0
-48 -4 0
-16 -4 0
-72 -57 -99 -84 -87 0
-62 -90 0
-33 -81 -21 -92 0
-58 -96 -89 -17 0
-9 -59 -16 -15 -97 0
-86 -18 -58 0
-20 -68 0
-60 -14 -40 -48 -33 -58 0
-97 -87 -39 -90 0
-18 -27 -3 -71 -87 0
-9 -47 -29 -84 0
-20 -87 -45 -62 -41 0
-17 -28 -40 -24 -40 -18 0
-66 -61 0
-29 -92 0
-28 -88 -45 -16 0
-21 -45 0
-61 -83 -87 -61 -90 -92 0
-16 -96 -88 -60 0
-41 -6 -2 -94 0
-71 -1 -88 -62 -58 0
-22 -20 0
-14 -80 -39 -18 -89 0
-65 -81 -57 -88 0
-89 -96 0
-33 -30 -47 -21 -57 -79 0
-5 -90 -75 -47 0
-21 -68 -39 -80 -77 -72 0
-14 -9 -78 0
-3 -94 -16 -53 -12 -38 0
-9 -46 -44 0
-85 -10 0
-58 -1 -71 0
-68 -90 0
-41 -84 -18 -43 -59 -9 0
-38 -96 -6 -6 0
-68 -2 -49 0
-64 -86 0
-6 -90 -76 -69 0
-13 -81 -45 -54 -40 0
-48 -15 0
-42 -44 0
-38 -4 -41 -18 0
-76 -14 -85 0
-33 -72 -90 0
-14 -66 -43 0
-48 -41 -33 -54 -7 0
-85 -25 -94 -53 -59 -72 0
-28 -5 -86 -16 -37 -53 0
-70 -5 0
-48 -98 0
-64 -33 -40 0
-68 -61 -55 -37 -41 -96 0
-2 -45 -88 -80 -72 0
-94 -84 -94 -60 -24 0
-97 -36 -21 -55 -11 -25 0
-63 -7 -44 -3 -98 -1 0
-58 -34 -12 -3 0
-24 -96 -65 0
-4 -82 -59 -2 0
-25 -99 0
-54 -94 -22 0
-53 -79 -39 -87 -43 0
-14 -49 0
-34 -29 -88 -98 -87 0
-28 -37 -85 -24 -86 -75 0
-53 -28 0
-53 -75 -66 -47 -29 0
-94 -2 0
-46 -27 -57 -6 -44 0
-25 -5 -78 -65 -49 0
-88 -97 0
-23 -70 -46 -85 -33 0
-48 -97 -68 0
-79 -46 -14 -49 -15 -65 0
-29 -22 -60 -5 -85 0
-13 -37 0
-27 -97 -86 -29 0
-86 -66 -24 -3 -81 -20 0
-82 -11 0
-25 -54 -93 -20 0
-16 -7 -43 -55 -12 -29 0
-84 -18 -77 -78 -75 0
-99 -80 -49 -46 -4 0
-97 -19 -6 0
-85 -69 0
-55 -24 -20 0
-6 -24 -30 -77 0
-3 -16 -87 -9 0
-14 -61 -87 -84 -55 -14 0
-80 -84 -63 0
-49 -1 -27 -59 -67 -36 0
-23 -27 -43 0
-60 -13 0
-98 -40 -62 -5 0
-39 -61 0
-10 -15 -30 -33 -49 -69 0
-61 -81 -74 -72 0
-75 -82 -30 -45 -38 0
-23 -43 -88 -83 -16 -23 0
-3 -19 -62 -59 -88 0
-72 -48 -19 -68 -62 0
-87 -19 -88 0
-16 -49 -54 -14 0
-76 -92 -79 0
-46 -6 -99 -60 0
-9 -27 -93 -61 -62 -93 0
-88 -38 -84 -54 0
-28 -41 -24 0
-42 -37 -13 -23 -99 0
-23 -88 -21 0
-46 -85 -53 0
-21 -11 -92 -95 0
-82 -90 -85 -98 0
-5 -68 -88 -75 -80 -68 0
-7 -96 -11 -71 -83 0
-21 -60 0
-99 -71 -88 0
-60 -65 -76 -27 -14 0
-44 -41 0
-59 -23 -55 -97 0
-2 -61 -53 -60 -18 0
-71 -19 -27 -92 0
-39 -74 -67 -85 -98 0
-69 -77 -64 0
-69 -43 -11 0
-37 -53 -76 -78 -37 -9 0
-4 -83 -9 -99 -2 0
-49 -66 -3 -87 -24 0
-21 -89 -92 0
-67 -78 -89 -99 -71 0
-27 -14 -34 0
-96 -94 -22 -3 -74 0
-55 -88 -64 0
-69 -6 0
-38 -81 -2 0
-19 -63 -54 -40 -57 -59 0
-30 -86 -33 -83 -14 0
-43 -78 -18 -49 -20 -97 0
-13 -7 -9 -41 0
-74 -7 -85 0
-47 -25 -84 0
-93 -78 -1 0
-97 -74 0
-40 -78 0
-28 -20 -15 -39 -92 0
-38 -43 -4 0
-15 -12 0
-58 -47 0
-25 -16 -20 -12 -43 0
-90 -9 0
-68 -49 -42 -39 -15 -75 0
-17 -99 -60 0
-19 -90 -99 -85 -90 -20 0
-63 -74 -55 -19 -22 -43 0
-1 -71 -5 -9 -22 0
-54 -60 -59 -68 0
-67 -38 0
