c 
c Input Variance: 500000000000
c Actual Variance: 517684924774
c Input number of vars : 100
c Input Fam size: 1-7
c Input Rule size: 2-6
c Input False Variables: 4.0 %
c Actual False Variables: 4 Vars
c Input True Variables: 8.0 %
c Actual True Variables: 8 Vars
c 
p cnf 100 298
1 2 3 0
-1 -2 0
-1 -3 0
-2 -3 0
4 0
5 6 0
-5 -6 0
7 8 9 10 11 12 0
-7 -8 0
-7 -9 0
-7 -10 0
-7 -11 0
-7 -12 0
-8 -9 0
-8 -10 0
-8 -11 0
-8 -12 0
-9 -10 0
-9 -11 0
-9 -12 0
-10 -11 0
-10 -12 0
-11 -12 0
13 14 15 0
-13 -14 0
-13 -15 0
-14 -15 0
16 17 0
-16 -17 0
18 19 20 21 22 0
-18 -19 0
-18 -20 0
-18 -21 0
-18 -22 0
-19 -20 0
-19 -21 0
-19 -22 0
-20 -21 0
-20 -22 0
-21 -22 0
23 24 25 26 27 28 0
-23 -24 0
-23 -25 0
-23 -26 0
-23 -27 0
-23 -28 0
-24 -25 0
-24 -26 0
-24 -27 0
-24 -28 0
-25 -26 0
-25 -27 0
-25 -28 0
-26 -27 0
-26 -28 0
-27 -28 0
29 30 31 32 33 34 35 0
-29 -30 0
-29 -31 0
-29 -32 0
-29 -33 0
-29 -34 0
-29 -35 0
-30 -31 0
-30 -32 0
-30 -33 0
-30 -34 0
-30 -35 0
-31 -32 0
-31 -33 0
-31 -34 0
-31 -35 0
-32 -33 0
-32 -34 0
-32 -35 0
-33 -34 0
-33 -35 0
-34 -35 0
36 37 38 39 40 41 0
-36 -37 0
-36 -38 0
-36 -39 0
-36 -40 0
-36 -41 0
-37 -38 0
-37 -39 0
-37 -40 0
-37 -41 0
-38 -39 0
-38 -40 0
-38 -41 0
-39 -40 0
-39 -41 0
-40 -41 0
42 0
43 44 0
-43 -44 0
45 46 47 48 0
-45 -46 0
-45 -47 0
-45 -48 0
-46 -47 0
-46 -48 0
-47 -48 0
49 0
50 51 52 53 54 0
-50 -51 0
-50 -52 0
-50 -53 0
-50 -54 0
-51 -52 0
-51 -53 0
-51 -54 0
-52 -53 0
-52 -54 0
-53 -54 0
55 56 57 0
-55 -56 0
-55 -57 0
-56 -57 0
58 59 60 61 0
-58 -59 0
-58 -60 0
-58 -61 0
-59 -60 0
-59 -61 0
-60 -61 0
62 0
63 64 65 66 67 0
-63 -64 0
-63 -65 0
-63 -66 0
-63 -67 0
-64 -65 0
-64 -66 0
-64 -67 0
-65 -66 0
-65 -67 0
-66 -67 0
68 69 70 0
-68 -69 0
-68 -70 0
-69 -70 0
71 0
72 73 74 75 76 77 0
-72 -73 0
-72 -74 0
-72 -75 0
-72 -76 0
-72 -77 0
-73 -74 0
-73 -75 0
-73 -76 0
-73 -77 0
-74 -75 0
-74 -76 0
-74 -77 0
-75 -76 0
-75 -77 0
-76 -77 0
78 79 80 81 82 83 84 0
-78 -79 0
-78 -80 0
-78 -81 0
-78 -82 0
-78 -83 0
-78 -84 0
-79 -80 0
-79 -81 0
-79 -82 0
-79 -83 0
-79 -84 0
-80 -81 0
-80 -82 0
-80 -83 0
-80 -84 0
-81 -82 0
-81 -83 0
-81 -84 0
-82 -83 0
-82 -84 0
-83 -84 0
85 86 87 88 89 0
-85 -86 0
-85 -87 0
-85 -88 0
-85 -89 0
-86 -87 0
-86 -88 0
-86 -89 0
-87 -88 0
-87 -89 0
-88 -89 0
90 91 92 0
-90 -91 0
-90 -92 0
-91 -92 0
93 94 0
-93 -94 0
95 96 97 98 99 100 0
-95 -96 0
-95 -97 0
-95 -98 0
-95 -99 0
-95 -100 0
-96 -97 0
-96 -98 0
-96 -99 0
-96 -100 0
-97 -98 0
-97 -99 0
-97 -100 0
-98 -99 0
-98 -100 0
-99 -100 0
16 0
56 0
56 0
71 0
49 0
49 0
6 0
-90 -17 -13 -48 -90 -26 0
-69 -57 0
-35 -39 0
-44 -22 -43 -78 0
-53 -14 0
-80 -63 -69 -91 -94 0
-94 -55 0
-46 -12 -45 -17 0
-91 -88 -51 0
-1 -52 -3 0
-16 -84 -26 0
-64 -34 -2 0
-17 -17 -77 -75 -1 -10 0
-69 -24 -17 -71 -91 -50 0
-25 -46 -100 -30 0
-50 -68 -75 -31 0
-15 -73 0
-40 -8 0
-48 -81 -1 -46 -33 0
-54 -93 -95 -33 -50 0
-88 -9 -47 0
-57 -71 0
-12 -31 -23 -65 -12 -33 0
-82 -39 -88 -23 -32 -69 0
-59 -45 0
-57 -67 0
-96 -78 -29 -98 -12 0
-22 -92 0
-22 -71 -85 -90 -30 0
-24 -23 0
-44 -100 -13 -96 -7 0
-15 -18 -85 -89 0
-91 -45 -87 0
-87 -62 -53 0
-48 -6 -29 0
-98 -39 0
-39 -3 -32 -20 -9 -95 0
-62 -23 -44 -2 -21 -49 0
-65 -25 -24 -43 -78 -31 0
-27 -36 -14 -77 -24 0
-52 -60 0
-86 -62 -28 -38 -77 0
-70 -13 -11 -3 -12 0
-100 -98 -69 -88 -14 0
-84 -36 0
-17 -28 -97 0
-33 -18 -38 0
-37 -57 -49 -13 -63 0
-92 -50 -59 0
-13 -98 -3 -56 0
-55 -13 -20 -8 -28 0
-50 -50 -63 -33 -51 0
-50 -5 0
-68 -3 -76 0
-50 -3 -38 0
-87 -79 -48 -83 0
-91 -37 -18 -37 0
-15 -63 -76 0
-92 -9 -5 0
-49 -17 0
-81 -22 -65 -13 0
-64 -55 0
-59 -67 -60 -78 -20 -52 0
-47 -67 -61 -85 -22 0
-59 -43 -4 -17 -87 -32 0
-46 -83 -58 -70 -93 -21 0
-88 -54 0
-94 -32 0
-81 -20 -94 -60 0
-24 -86 -46 -22 0
-5 -30 -50 -90 -51 -79 0
-16 -92 -20 -50 -40 0
-89 -50 -57 -40 -52 -59 0
-62 -3 -31 0
-100 -21 -17 -82 -17 -26 0
-45 -5 -100 -59 0
